PortoDCC=41.15242,-8.64096,72,0
Itu=41.1028715,29.0240369,16.87,0
